v 0 2 0
vn 0 1 -9.39299e-007
#_#tangent 0 0 0
#_#binormal 0 0 0
vt 1.84229e-040 2.49801e-038
#_#vt1 0.156861 0.324192
v 0 2 0
vn 0 1 -9.39299e-007
#_#tangent 0 0 0
#_#binormal 0 0 0
vt 1.84229e-040 2.49801e-038
#_#vt1 0.0875259 0.169922
v 0 -0.66666 1.88562
vn 0 -0.333332 0.942809
#_#tangent 0 0 0
#_#binormal 0 0 0
vt 1.84229e-040 2.49801e-038
#_#vt1 0.0791018 0.279297
v 0 -0.66666 1.88562
vn 0 -0.333332 0.942809
#_#tangent 0 0 0
#_#binormal 0 0 0
vt 1.84229e-040 2.49801e-038
#_#vt1 0.0875256 0.259711
v -1.63299 -0.666666 -0.94281
vn -0.816498 -0.333333 -0.471403
#_#tangent 0 0 0
#_#binormal 0 0 0
vt 1.84229e-040 2.49801e-038
#_#vt1 0.0791016 0.369086
v -1.63299 -0.666666 -0.94281
vn -0.816498 -0.333333 -0.471403
#_#tangent 0 0 0
#_#binormal 0 0 0
vt 1.84229e-040 2.49801e-038
#_#vt1 0.00976563 0.304606
v 1.63299 -0.666666 -0.94281
vn 0.816498 -0.333333 -0.471403
#_#tangent 0 0 0
#_#binormal 0 0 0
vt 1.84229e-040 2.49801e-038
#_#vt1 0.156861 0.413981
v 1.63299 -0.666666 -0.94281
vn 0.816498 -0.333333 -0.471403
#_#tangent 0 0 0
#_#binormal 0 0 0
vt 1.84229e-040 2.49801e-038
#_#vt1 0.00976581 0.214816
v 1.66879 -0.781708 0.637465
vn 0.303312 -0.837703 0.454154
#_#tangent 0.946187 0.208333 -0.247646
#_#binormal 0.112838 0.504828 0.855813
vt 0.790397 0.655439
#_#vt1 0.429768 0.387362
v -6.66857 9.83404 -4.35178
vn 0.303703 -0.241866 -0.921556
#_#tangent -0.884439 0.288121 -0.367089
#_#binormal 0.354306 0.926546 -0.126413
vt 0.468193 0.893295
#_#vt1 0.715982 0.762988
v -6.66857 9.83404 -4.35178
vn 0.303703 -0.241866 -0.921556
#_#tangent -0.884439 0.288121 -0.367089
#_#binormal 0.354306 0.926546 -0.126413
vt 0.519573 0.00878495
#_#vt1 0.715982 0.762988
v -6.66857 9.83404 -4.35178
vn 0.303703 -0.241866 -0.921556
#_#tangent -0.884439 0.288121 -0.367089
#_#binormal 0.354306 0.926546 -0.126413
vt 0.78589 0.268813
#_#vt1 0.715982 0.762988
v -4.33018 -0.909239 -6.12947
vn -0.588921 -0.557442 -0.585175
#_#tangent 0.775753 -0.186827 -0.602747
#_#binormal 0.22667 -0.808922 0.542464
vt 0.0179777 0.429132
#_#vt1 0.450162 0.282095
v -4.33018 -0.909239 -6.12947
vn -0.588921 -0.557442 -0.585175
#_#tangent 0.775753 -0.186827 -0.602747
#_#binormal 0.22667 -0.808922 0.542464
vt 0.671002 0.708388
#_#vt1 0.450162 0.282095
v -4.33018 -0.909239 -6.12947
vn -0.588921 -0.557442 -0.585175
#_#tangent 0.775753 -0.186827 -0.602747
#_#binormal 0.22667 -0.808922 0.542464
vt 0.711984 0.442111
#_#vt1 0.450162 0.282095
v -9.27055 7.67714 0.700335
vn -0.920134 -0.0473245 0.388733
#_#tangent 0.110774 -0.983582 0.142461
#_#binormal 0.375609 0.174145 0.91027
vt 0.191247 0.94452
#_#vt1 0.665872 0.787545
v -9.27055 7.67714 0.700335
vn -0.920134 -0.0473245 0.388733
#_#tangent 0.110774 -0.983582 0.142461
#_#binormal 0.375609 0.174145 0.91027
vt 0.306905 0.708409
#_#vt1 0.665872 0.787545
v 4.7273 2.86962 -2.88491
vn 0.730465 0.481282 -0.484549
#_#tangent -0.273407 0.856238 0.438299
#_#binormal 0.625835 -0.187683 0.757038
vt 0.0935419 0.105299
#_#vt1 0.511124 0.390628
v -5.38363 0.578362 -0.392185
vn -0.911078 0.412148 0.00844752
#_#tangent 0.411616 0.910641 -0.0361344
#_#binormal -0.0225854 -0.0294441 -0.999311
vt 0.27048 0.443916
#_#vt1 0.282468 0.269273
v -5.38363 0.578362 -0.392185
vn -0.911078 0.412148 0.00844752
#_#tangent 0.411616 0.910641 -0.0361344
#_#binormal -0.0225854 -0.0294441 -0.999311
vt 0.339203 0.936742
#_#vt1 0.282468 0.269273
v -5.38363 0.578362 -0.392185
vn -0.911078 0.412148 0.00844752
#_#tangent 0.411616 0.910641 -0.0361344
#_#binormal -0.0225854 -0.0294441 -0.999311
vt 0.878922 0.701092
#_#vt1 0.282468 0.269273
v -4.50603 11.3121 -2.79075
vn 0.468394 0.303173 0.829875
#_#tangent 0.872564 -0.241919 -0.42439
#_#binormal 0.0611759 0.916038 -0.396398
vt 0.307104 0.586275
#_#vt1 0.691783 0.744782
v -4.79423 7.49784 -0.400625
vn 0.486116 0.449276 0.749561
#_#tangent -0.675271 0.737558 -0.00414545
#_#binormal -0.554708 -0.504142 0.661922
vt 0.44971 0.215429
#_#vt1 0.622887 0.712311
v 0.439305 7.22244 -5.31159
vn 0.175169 0.574995 -0.799185
#_#tangent -0.908053 -0.219334 -0.356836
#_#binormal -0.380468 0.788209 0.483705
vt 0.657859 0.118424
#_#vt1 0.657451 0.388521
v 1.75277 -0.847679 -4.80962
vn 0.438528 -0.873693 -0.210603
#_#tangent 0.875154 0.468448 -0.121086
#_#binormal 0.204448 -0.13121 0.970044
vt 0.0234181 0.630164
#_#vt1 0.47953 0.34294
v 1.75277 -0.847679 -4.80962
vn 0.438528 -0.873693 -0.210603
#_#tangent 0.875154 0.468448 -0.121086
#_#binormal 0.204448 -0.13121 0.970044
vt 0.852995 0.454719
#_#vt1 0.47953 0.34294
v -8.06807 3.26617 -3.71137
vn -0.755758 -0.472127 -0.45379
#_#tangent 0.443685 0.140494 -0.885101
#_#binormal 0.481635 -0.870263 0.103296
vt 0.543988 0.509912
#_#vt1 0.782646 0.931973
v -8.95729 10.8127 -1.54736
vn -0.769358 0.638814 -0.00226902
#_#tangent -0.538094 -0.646133 0.541264
#_#binormal 0.344301 0.417647 0.840849
vt 0.0795193 0.944324
#_#vt1 0.688495 0.772306
v -8.95729 10.8127 -1.54736
vn -0.769358 0.638814 -0.00226902
#_#tangent -0.538094 -0.646133 0.541264
#_#binormal 0.344301 0.417647 0.840849
vt 0.129137 0.708409
#_#vt1 0.688495 0.772306
v -8.95729 10.8127 -1.54736
vn -0.769358 0.638814 -0.00226902
#_#tangent -0.538094 -0.646133 0.541264
#_#binormal 0.344301 0.417647 0.840849
vt 0.86508 0.371361
#_#vt1 0.688495 0.772306
v -8.95729 10.8127 -1.54736
vn -0.769358 0.638814 -0.00226902
#_#tangent -0.538094 -0.646133 0.541264
#_#binormal 0.344301 0.417647 0.840849
vt 0.883482 0.909675
#_#vt1 0.688495 0.772306
v -3.26324 1.00585 -4.50923
vn -0.721382 0.0499489 -0.690734
#_#tangent 0.196396 0.971203 -0.13488
#_#binormal 0.664106 -0.232957 -0.710418
vt 0.10301 0.444586
#_#vt1 0.481864 0.23386
v -3.04696 4.41522 0.923625
vn -0.222472 0.0542995 0.973426
#_#tangent -0.603968 0.776108 -0.181327
#_#binormal -0.765329 -0.628258 -0.139867
vt 0.265859 0.311414
#_#vt1 0.389472 0.70194
v -3.04696 4.41522 0.923625
vn -0.222472 0.0542995 0.973426
#_#tangent -0.603968 0.776108 -0.181327
#_#binormal -0.765329 -0.628258 -0.139867
vt 0.265859 0.311414
#_#vt1 0.397371 0.568081
v -6.53109 13.7055 -9.38962
vn 0.306073 0.940592 -0.146987
#_#tangent 0.946141 -0.317655 -0.0625571
#_#binormal -0.105532 -0.119924 -0.987158
vt 0.208586 0.855652
#_#vt1 0.706397 0.762115
v -6.53109 13.7055 -9.38962
vn 0.306073 0.940592 -0.146987
#_#tangent 0.946141 -0.317655 -0.0625571
#_#binormal -0.105532 -0.119924 -0.987158
vt 0.688612 0.893484
#_#vt1 0.706397 0.762115
v -2.64503 13.8302 -4.31157
vn 0.188685 0.623106 0.759037
#_#tangent 0.313842 0.694126 -0.647837
#_#binormal -0.930538 0.360455 -0.064586
vt 0.347554 0.650777
#_#vt1 0.696704 0.746486
v -0.94927 1.85841 2.12301
vn -0.199199 -0.291555 0.935583
#_#tangent -0.914455 0.393005 -0.0965339
#_#binormal -0.345951 -0.882934 -0.317405
vt 0.193858 0.287685
#_#vt1 0.402155 0.456065
v -2.87411 -0.676228 1.87279
vn -0.328399 -0.473848 0.817081
#_#tangent 0.931963 -0.303247 0.198711
#_#binormal 0.153618 0.826746 0.541195
vt 0.16872 0.415338
#_#vt1 0.351044 0.372495
v -2.87411 -0.676228 1.87279
vn -0.328399 -0.473848 0.817081
#_#tangent 0.931963 -0.303247 0.198711
#_#binormal 0.153618 0.826746 0.541195
vt 0.662148 0.672036
#_#vt1 0.351044 0.372495
v 2.98839 7.56054 -1.10113
vn 0.596104 0.776654 0.20364
#_#tangent -0.760343 0.647753 -0.0479002
#_#binormal -0.169061 -0.126162 0.977498
vt 0.216942 0.110269
#_#vt1 0.560817 0.456904
v -7.28722 -0.781089 -3.35461
vn -0.891681 -0.425042 -0.155708
#_#tangent 0.255963 -0.757148 0.601008
#_#binormal -0.373348 0.496051 0.783929
vt 0.231165 0.901569
#_#vt1 0.375311 0.267324
v -7.28722 -0.781089 -3.35461
vn -0.891681 -0.425042 -0.155708
#_#tangent 0.255963 -0.757148 0.601008
#_#binormal -0.373348 0.496051 0.783929
vt 0.721767 0.813807
#_#vt1 0.375311 0.267324
v -7.28722 -0.781089 -3.35461
vn -0.891681 -0.425042 -0.155708
#_#tangent 0.255963 -0.757148 0.601008
#_#binormal -0.373348 0.496051 0.783929
vt 0.801182 0.964839
#_#vt1 0.375311 0.267324
v -7.55097 9.24804 1.60503
vn 0.111905 0.497243 0.860364
#_#tangent -0.201908 -0.836365 0.509634
#_#binormal 0.97299 -0.230745 0.00680389
vt 0.224285 0.764449
#_#vt1 0.66115 0.770382
v -3.38218 4.53278 -5.92761
vn -0.498601 0.220741 -0.838254
#_#tangent -0.819534 0.165437 0.54863
#_#binormal 0.284492 0.948558 0.138934
vt 0.196903 0.455068
#_#vt1 0.631152 0.175015
v -3.38218 4.53278 -5.92761
vn -0.498601 0.220741 -0.838254
#_#tangent -0.819534 0.165437 0.54863
#_#binormal 0.284492 0.948558 0.138934
vt 0.797776 0.0871833
#_#vt1 0.957995 0.75956
v -3.38218 4.53278 -5.92761
vn -0.498601 0.220741 -0.838254
#_#tangent -0.819534 0.165437 0.54863
#_#binormal 0.284492 0.948558 0.138934
vt 0.797776 0.0871833
#_#vt1 0.631152 0.175015
v -1.27683 12.0223 -4.72625
vn 0.761127 0.241344 0.602028
#_#tangent 0.621382 -0.172572 -0.764267
#_#binormal -0.0466838 0.965554 -0.255979
vt 0.391694 0.561504
#_#vt1 0.696996 0.745057
v -1.27683 12.0223 -4.72625
vn 0.761127 0.241344 0.602028
#_#tangent 0.621382 -0.172572 -0.764267
#_#binormal -0.0466838 0.965554 -0.255979
vt 0.635734 0.831128
#_#vt1 0.696996 0.745057
v -8.67528 7.78264 -3.63009
vn -0.788837 -0.165602 -0.591872
#_#tangent -0.486744 -0.419654 0.76614
#_#binormal -0.375255 0.89245 0.250433
vt 0.862032 0.260156
#_#vt1 0.72383 0.798322
v -1.84875 3.95425 2.30322
vn -0.306428 -0.0195243 0.951694
#_#tangent -0.79444 0.556003 -0.244389
#_#binormal -0.524373 -0.830951 -0.185886
vt 0.225409 0.282517
#_#vt1 0.420143 0.509135
v -0.763703 0.334542 -6.4548
vn 0.096436 -0.462915 -0.881141
#_#tangent 0.0299025 0.886215 -0.462308
#_#binormal 0.99489 0.0182349 0.0993054
vt 0.0934983 0.549651
#_#vt1 0.502645 0.299438
v -5.01242 10.0795 -3.35794
vn 0.577027 -0.715425 -0.393963
#_#tangent 0.656916 0.69317 -0.296608
#_#binormal 0.485284 -0.0876496 0.869952
vt 0.506889 0.788945
#_#vt1 0.704998 0.74106
v -5.01242 10.0795 -3.35794
vn 0.577027 -0.715425 -0.393963
#_#tangent 0.656916 0.69317 -0.296608
#_#binormal 0.485284 -0.0876496 0.869952
vt 0.542767 0.0676656
#_#vt1 0.704998 0.74106
v 1.73388 3.48101 1.86751
vn 0.43587 0.0312144 0.899468
#_#tangent -0.548151 0.811985 0.200528
#_#binormal -0.710978 -0.578648 0.399596
vt 0.174316 0.213635
#_#vt1 0.463647 0.453963
v -5.92916 -0.524448 1.15881
vn -0.310335 0.0474933 0.94944
#_#tangent 0.520811 0.844019 0.128013
#_#binormal -0.795266 0.534205 -0.286664
vt 0.263594 0.834464
#_#vt1 0.305194 0.310501
v -5.92916 -0.524448 1.15881
vn -0.310335 0.0474933 0.94944
#_#tangent 0.520811 0.844019 0.128013
#_#binormal -0.795266 0.534205 -0.286664
vt 0.861287 0.828742
#_#vt1 0.305194 0.310501
v -5.92916 -0.524448 1.15881
vn -0.310335 0.0474933 0.94944
#_#tangent 0.520811 0.844019 0.128013
#_#binormal -0.795266 0.534205 -0.286664
vt 0.888566 0.76292
#_#vt1 0.305194 0.310501
v 5.6541 2.14884 -0.912055
vn 0.693262 0.429379 0.57881
#_#tangent -0.628117 0.753765 0.193152
#_#binormal -0.353351 -0.497466 0.792257
vt 0.0777516 0.151595
#_#vt1 0.490689 0.39621
v -0.332845 8.54074 -0.738785
vn -0.0877801 0.950355 0.29853
#_#tangent -0.996077 -0.0871138 -0.0155651
#_#binormal 0.0112137 -0.298725 0.954273
vt 0.290175 0.111983
#_#vt1 0.687347 0.499434
v -0.332845 8.54074 -0.738785
vn -0.0877801 0.950355 0.29853
#_#tangent -0.996077 -0.0871138 -0.0155651
#_#binormal 0.0112137 -0.298725 0.954273
vt 0.290175 0.111983
#_#vt1 0.605851 0.533675
v -7.52954 11.2994 -3.81149
vn -0.463559 0.885814 0.0211539
#_#tangent 0.216945 0.0903182 0.971997
#_#binormal 0.859097 0.455167 -0.23404
vt 0.0310099 0.864236
#_#vt1 0.701989 0.764799
v -7.52954 11.2994 -3.81149
vn -0.463559 0.885814 0.0211539
#_#tangent 0.216945 0.0903182 0.971997
#_#binormal 0.859097 0.455167 -0.23404
vt 0.815534 0.353698
#_#vt1 0.701989 0.764799
v -7.52954 11.2994 -3.81149
vn -0.463559 0.885814 0.0211539
#_#tangent 0.216945 0.0903182 0.971997
#_#binormal 0.859097 0.455167 -0.23404
vt 0.913221 0.982115
#_#vt1 0.701989 0.764799
v 2.51817 -0.892149 -2.35775
vn 0.286792 -0.95786 -0.0159437
#_#tangent 0.898572 0.274736 -0.342181
#_#binormal 0.332142 0.0838082 0.939499
vt 0.857302 0.603289
#_#vt1 0.462571 0.367383
v 2.51817 -0.892149 -2.35775
vn 0.286792 -0.95786 -0.0159437
#_#tangent 0.898572 0.274736 -0.342181
#_#binormal 0.332142 0.0838082 0.939499
vt 0.873231 0.536931
#_#vt1 0.462571 0.367383
v -7.21201 10.642 -7.48736
vn -0.825647 -0.45051 -0.339627
#_#tangent -0.342449 -0.0782274 0.936274
#_#binormal -0.448369 0.889337 -0.0896885
vt 0.374572 0.90487
#_#vt1 0.708044 0.762657
v -7.21201 10.642 -7.48736
vn -0.825647 -0.45051 -0.339627
#_#tangent -0.342449 -0.0782274 0.936274
#_#binormal -0.448369 0.889337 -0.0896885
vt 0.583874 0.917088
#_#vt1 0.708044 0.762657
v -7.21201 10.642 -7.48736
vn -0.825647 -0.45051 -0.339627
#_#tangent -0.342449 -0.0782274 0.936274
#_#binormal -0.448369 0.889337 -0.0896885
vt 0.661071 0.35617
#_#vt1 0.708044 0.762657
v 2.13375 1.02697 -6.0773
vn 0.520403 -0.28862 -0.803666
#_#tangent 0.0717656 0.952601 -0.295636
#_#binormal 0.8509 0.0961745 0.51645
vt 0.104869 0.619222
#_#vt1 0.513606 0.33876
v -8.93828 4.82412 -1.41532
vn -0.981624 -0.00667665 0.190709
#_#tangent -0.182645 0.322357 -0.928831
#_#binormal -0.055275 -0.946595 -0.317652
vt 0.49956 0.461051
#_#vt1 0.684468 0.888015
v -7.3507 7.84354 1.89833
vn -0.0930597 -0.168528 0.981294
#_#tangent -0.22623 -0.956214 -0.185675
#_#binormal 0.969618 -0.239277 0.0508588
vt 0.275734 0.75738
#_#vt1 0.651814 0.775111
v -6.3731 3.18286 -5.17589
vn -0.362723 -0.559574 -0.745191
#_#tangent 0.53928 0.526111 -0.657559
#_#binormal 0.760006 -0.640379 0.110935
vt 0.571377 0.53079
#_#vt1 0.882225 0.912895
v -6.3731 3.18286 -5.17589
vn -0.362723 -0.559574 -0.745191
#_#tangent 0.53928 0.526111 -0.657559
#_#binormal 0.760006 -0.640379 0.110935
vt 0.571377 0.53079
#_#vt1 0.449071 0.0113268
v -2.98032 -0.907859 -1.82289
vn 0.286792 -0.95786 -0.0159437
#_#tangent 0.961597 0.236804 0.138759
#_#binormal -0.136841 -0.0246026 0.990287
vt 0.766775 0.515795
#_#vt1 0.392512 0.328262
v -2.98032 -0.907859 -1.82289
vn 0.286792 -0.95786 -0.0159437
#_#tangent 0.961597 0.236804 0.138759
#_#binormal -0.136841 -0.0246026 0.990287
vt 0.800966 0.708388
#_#vt1 0.392512 0.328262
v -6.31194 -0.765089 -1.56277
vn -0.929506 -0.34279 0.136066
#_#tangent 0.207499 -0.181064 0.961332
#_#binormal -0.304898 0.921798 0.239429
vt 0.289744 0.905655
#_#vt1 0.344551 0.279802
v -6.31194 -0.765089 -1.56277
vn -0.929506 -0.34279 0.136066
#_#tangent 0.207499 -0.181064 0.961332
#_#binormal -0.304898 0.921798 0.239429
vt 0.779397 0.802562
#_#vt1 0.344551 0.279802
v -6.31194 -0.765089 -1.56277
vn -0.929506 -0.34279 0.136066
#_#tangent 0.207499 -0.181064 0.961332
#_#binormal -0.304898 0.921798 0.239429
vt 0.947225 0.701092
#_#vt1 0.344551 0.279802
v -1.85111 0.654022 1.22022
vn -0.454753 0.0694197 0.887908
#_#tangent -0.622773 0.697568 -0.354334
#_#binormal -0.641481 -0.714524 -0.279207
vt 0.182598 0.337772
#_#vt1 0.355012 0.41552
v -7.86738 6.47844 -0.099765
vn -0.69446 -0.527414 0.489448
#_#tangent -0.590839 0.0297714 -0.80624
#_#binormal 0.410651 -0.849087 -0.332292
vt 0.344565 0.757431
#_#vt1 0.644323 0.813398
v -7.86738 6.47844 -0.099765
vn -0.69446 -0.527414 0.489448
#_#tangent -0.590839 0.0297714 -0.80624
#_#binormal 0.410651 -0.849087 -0.332292
vt 0.461189 0.419895
#_#vt1 0.644323 0.813398
v -7.86738 6.47844 -0.099765
vn -0.69446 -0.527414 0.489448
#_#tangent -0.590839 0.0297714 -0.80624
#_#binormal 0.410651 -0.849087 -0.332292
vt 0.464337 0.344852
#_#vt1 0.644323 0.813398
v -7.86738 6.47844 -0.099765
vn -0.69446 -0.527414 0.489448
#_#tangent -0.590839 0.0297714 -0.80624
#_#binormal 0.410651 -0.849087 -0.332292
vt 0.973405 0.225763
#_#vt1 0.644323 0.813398
v 5.28846 0.994512 -3.63063
vn 0.672144 -0.319213 -0.668076
#_#tangent 0.311347 0.940495 -0.136134
#_#binormal 0.671778 -0.116501 0.731534
vt 0.0391458 0.125707
#_#vt1 0.49276 0.379707
v 1.20538 4.74206 -6.47565
vn 0.337319 0.430808 -0.837031
#_#tangent -0.57957 0.795697 0.175969
#_#binormal 0.741832 0.42576 0.518087
vt 0.208355 0.589461
#_#vt1 0.593307 0.332974
v 1.20538 4.74206 -6.47565
vn 0.337319 0.430808 -0.837031
#_#tangent -0.57957 0.795697 0.175969
#_#binormal 0.741832 0.42576 0.518087
vt 0.676152 0.028972
#_#vt1 0.593307 0.332974
v -4.35029 7.57624 -4.85917
vn -0.0544642 0.633748 -0.771619
#_#tangent -0.959044 -0.235229 -0.157804
#_#binormal -0.281087 0.721492 0.632803
vt 0.779943 0.176004
#_#vt1 0.812941 0.7187
v 1.15087 5.84274 1.28403
vn 0.130497 0.665653 0.734763
#_#tangent -0.890037 0.405167 -0.208983
#_#binormal -0.436812 -0.626695 0.645329
vt 0.215094 0.198073
#_#vt1 0.496712 0.487071
v -7.90281 12.3285 -6.75452
vn -0.997929 -0.0399867 -0.0503844
#_#tangent -0.00611823 0.995848 -0.090822
#_#binormal 0.0177803 -0.090701 -0.995719
vt 0.11763 0.891081
#_#vt1 0.706606 0.763516
v -7.90281 12.3285 -6.75452
vn -0.997929 -0.0399867 -0.0503844
#_#tangent -0.00611823 0.995848 -0.090822
#_#binormal 0.0177803 -0.090701 -0.995719
vt 0.619617 0.86298
#_#vt1 0.706606 0.763516
v -7.90281 12.3285 -6.75452
vn -0.997929 -0.0399867 -0.0503844
#_#tangent -0.00611823 0.995848 -0.090822
#_#binormal 0.0177803 -0.090701 -0.995719
vt 0.730802 0.390642
#_#vt1 0.706606 0.763516
v -1.31915 14.1288 -6.14651
vn 0.4741 0.683692 -0.554792
#_#tangent -0.0323359 -0.616163 -0.786954
#_#binormal -0.879877 0.391035 -0.270015
vt 0.446068 0.671929
#_#vt1 0.697322 0.746078
v -1.31915 14.1288 -6.14651
vn 0.4741 0.683692 -0.554792
#_#tangent -0.0323359 -0.616163 -0.786954
#_#binormal -0.879877 0.391035 -0.270015
vt 0.668562 0.725908
#_#vt1 0.697322 0.746078
v 4.25051 0.657542 -0.214385
vn 0.279996 -0.207178 0.937379
#_#tangent -0.15192 0.959508 0.237202
#_#binormal -0.963367 -0.197407 0.181532
vt 0.0598965 0.190847
#_#vt1 0.471801 0.394515
v 3.61287 4.24894 -5.14858
vn 0.691629 0.0262535 -0.721775
#_#tangent 0.0276193 0.997647 0.0627536
#_#binormal 0.721725 -0.0633371 0.689277
vt 0.101918 0.0393896
#_#vt1 0.553583 0.372858
v 3.61287 4.24894 -5.14858
vn 0.691629 0.0262535 -0.721775
#_#tangent 0.0276193 0.997647 0.0627536
#_#binormal 0.721725 -0.0633371 0.689277
vt 0.19565 0.67519
#_#vt1 0.553583 0.372858
v 3.61287 4.24894 -5.14858
vn 0.691629 0.0262535 -0.721775
#_#tangent 0.0276193 0.997647 0.0627536
#_#binormal 0.721725 -0.0633371 0.689277
vt 0.597693 0.00390889
#_#vt1 0.553583 0.372858
v -6.15001 10.9017 -3.42406
vn 0.166653 0.980679 -0.102447
#_#tangent 0.879637 -0.194812 -0.43392
#_#binormal -0.445494 -0.0178021 -0.895108
vt 0.0208448 0.822402
#_#vt1 0.700491 0.754045
v -6.15001 10.9017 -3.42406
vn 0.166653 0.980679 -0.102447
#_#tangent 0.879637 -0.194812 -0.43392
#_#binormal -0.445494 -0.0178021 -0.895108
vt 0.221809 0.670582
#_#vt1 0.700491 0.754045
v -6.15001 10.9017 -3.42406
vn 0.166653 0.980679 -0.102447
#_#tangent 0.879637 -0.194812 -0.43392
#_#binormal -0.445494 -0.0178021 -0.895108
vt 0.457479 0.845859
#_#vt1 0.700491 0.754045
v -6.15001 10.9017 -3.42406
vn 0.166653 0.980679 -0.102447
#_#tangent 0.879637 -0.194812 -0.43392
#_#binormal -0.445494 -0.0178021 -0.895108
vt 0.48331 0.74858
#_#vt1 0.700491 0.754045
v -6.15001 10.9017 -3.42406
vn 0.166653 0.980679 -0.102447
#_#tangent 0.879637 -0.194812 -0.43392
#_#binormal -0.445494 -0.0178021 -0.895108
vt 0.955978 0.980145
#_#vt1 0.700491 0.754045
v -5.59476 11.0593 -0.937505
vn 0.455881 0.850112 0.263593
#_#tangent -0.437433 -0.0439189 0.898178
#_#binormal 0.775129 -0.524767 0.351846
vt 0.133621 0.806513
#_#vt1 0.677538 0.751178
v -5.59476 11.0593 -0.937505
vn 0.455881 0.850112 0.263593
#_#tangent -0.437433 -0.0439189 0.898178
#_#binormal 0.775129 -0.524767 0.351846
vt 0.581765 0.165007
#_#vt1 0.677538 0.751178
v -5.59476 11.0593 -0.937505
vn 0.455881 0.850112 0.263593
#_#tangent -0.437433 -0.0439189 0.898178
#_#binormal 0.775129 -0.524767 0.351846
vt 0.9821 0.909675
#_#vt1 0.677538 0.751178
v -5.11894 1.24475 -1.91465
vn -0.897439 -0.393745 0.198917
#_#tangent -0.363254 0.403754 -0.83966
#_#binormal 0.250298 -0.825801 -0.505374
vt 0.292576 0.975376
#_#vt1 0.30527 0.207836
v -5.11894 1.24475 -1.91465
vn -0.897439 -0.393745 0.198917
#_#tangent -0.363254 0.403754 -0.83966
#_#binormal 0.250298 -0.825801 -0.505374
vt 0.300206 0.459615
#_#vt1 0.30527 0.207836
v -5.11894 1.24475 -1.91465
vn -0.897439 -0.393745 0.198917
#_#tangent -0.363254 0.403754 -0.83966
#_#binormal 0.250298 -0.825801 -0.505374
vt 0.495462 0.594827
#_#vt1 0.30527 0.207836
v -5.11894 1.24475 -1.91465
vn -0.897439 -0.393745 0.198917
#_#tangent -0.363254 0.403754 -0.83966
#_#binormal 0.250298 -0.825801 -0.505374
vt 0.728204 0.901786
#_#vt1 0.30527 0.207836
v -5.84963 5.12532 1.02446
vn -0.0599567 0.140086 0.988322
#_#tangent -0.767185 0.618034 -0.171643
#_#binormal -0.633009 -0.772715 0.0470225
vt 0.384031 0.322053
#_#vt1 0.525327 0.806951
v -5.84963 5.12532 1.02446
vn -0.0599567 0.140086 0.988322
#_#tangent -0.767185 0.618034 -0.171643
#_#binormal -0.633009 -0.772715 0.0470225
vt 0.384031 0.322053
#_#vt1 0.409163 0.703744
v -3.85029 -0.875869 0.633605
vn -0.0744517 -0.913832 0.39921
#_#tangent 0.996489 -0.0528001 0.0649781
#_#binormal -0.0383007 0.402646 0.914554
vt 0.207354 0.433774
#_#vt1 0.335482 0.342463
v -3.85029 -0.875869 0.633605
vn -0.0744517 -0.913832 0.39921
#_#tangent 0.996489 -0.0528001 0.0649781
#_#binormal -0.0383007 0.402646 0.914554
vt 0.637244 0.628322
#_#vt1 0.335482 0.342463
v -3.85029 -0.875869 0.633605
vn -0.0744517 -0.913832 0.39921
#_#tangent 0.996489 -0.0528001 0.0649781
#_#binormal -0.0383007 0.402646 0.914554
vt 0.723517 0.543804
#_#vt1 0.335482 0.342463
v -3.85029 -0.875869 0.633605
vn -0.0744517 -0.913832 0.39921
#_#tangent 0.996489 -0.0528001 0.0649781
#_#binormal -0.0383007 0.402646 0.914554
vt 0.860972 0.753383
#_#vt1 0.335482 0.342463
v -3.85029 -0.875869 0.633605
vn -0.0744517 -0.913832 0.39921
#_#tangent 0.996489 -0.0528001 0.0649781
#_#binormal -0.0383007 0.402646 0.914554
vt 0.921518 0.846698
#_#vt1 0.335482 0.342463
v -1.67308 2.23891 -7.22935
vn -0.141484 -0.337254 -0.930721
#_#tangent 0.0638128 0.935116 -0.348547
#_#binormal 0.987882 -0.108706 -0.110783
vt 0.128691 0.517538
#_#vt1 0.549676 0.268341
v 0.49695 -0.933069 -3.0989
vn -0.166353 -0.985834 -0.0213828
#_#tangent 0.934837 -0.164572 0.314636
#_#binormal -0.313698 0.032351 0.948972
vt 0.834264 0.491564
#_#vt1 0.44989 0.347816
v -2.37309 4.88074 -6.84731
vn -0.382559 0.573724 -0.724217
#_#tangent 0.269992 0.819047 0.506228
#_#binormal 0.883602 -0.00187088 -0.468235
vt 0.192764 0.502317
#_#vt1 0.618837 0.238178
v -4.83458 -0.946839 -4.89502
vn -0.636184 -0.0146528 -0.771398
#_#tangent -0.236094 0.955556 0.17656
#_#binormal 0.734527 0.294447 -0.611369
vt 0.0285094 0.394356
#_#vt1 0.425829 0.276372
v -4.83458 -0.946839 -4.89502
vn -0.636184 -0.0146528 -0.771398
#_#tangent -0.236094 0.955556 0.17656
#_#binormal 0.734527 0.294447 -0.611369
vt 0.700571 0.73289
#_#vt1 0.425829 0.276372
v -8.65455 6.56704 -2.22217
vn -0.947892 -0.309356 -0.0761617
#_#tangent -0.077497 -0.00798921 0.996961
#_#binormal -0.309024 0.950913 -0.0164012
vt 0.520487 0.426511
#_#vt1 0.703851 0.827563
v -8.65455 6.56704 -2.22217
vn -0.947892 -0.309356 -0.0761617
#_#tangent -0.077497 -0.00798921 0.996961
#_#binormal -0.309024 0.950913 -0.0164012
vt 0.903514 0.233606
#_#vt1 0.703851 0.827563
v -6.75058 1.70814 -2.23039
vn -0.50336 -0.852679 0.139885
#_#tangent -0.212163 -0.0349704 -0.976608
#_#binormal 0.837625 -0.521264 -0.163304
vt 0.501087 0.545457
#_#vt1 0.284547 0.104187
v 0.623037 8.65014 -3.4477
vn 0.242552 0.9317 -0.270375
#_#tangent -0.96433 0.201096 -0.172128
#_#binormal -0.106001 0.302481 0.947243
vt 0.265989 0.0529123
#_#vt1 0.638291 0.456213
v 0.623037 8.65014 -3.4477
vn 0.242552 0.9317 -0.270375
#_#tangent -0.96433 0.201096 -0.172128
#_#binormal -0.106001 0.302481 0.947243
vt 0.630974 0.168389
#_#vt1 0.638291 0.456213
v 3.93896 6.36094 -3.14161
vn 0.807682 0.568597 -0.156035
#_#tangent -0.547021 0.821376 0.161583
#_#binormal 0.220039 -0.045153 0.974445
vt 0.182042 0.0857194
#_#vt1 0.563121 0.417113
v -0.348977 7.90234 0.136485
vn -0.105107 0.624199 0.774163
#_#tangent -0.925429 0.223591 -0.305924
#_#binormal -0.364053 -0.748587 0.554151
vt 0.296248 0.177254
#_#vt1 0.558773 0.534506
v -3.36406 -0.938729 -5.53786
vn 0.194326 -0.932683 0.303874
#_#tangent 0.970332 0.228197 0.0798821
#_#binormal -0.143848 0.279336 0.949357
vt 0.758934 0.453494
#_#vt1 0.446213 0.297102
v 3.62915 1.00463 -4.11663
vn 0.395843 -0.483632 -0.780646
#_#tangent 0.747098 0.664591 0.0127647
#_#binormal 0.530213 -0.6074 0.591557
vt 0.0241539 0.0967806
#_#vt1 0.498286 0.367476
v 3.62915 1.00463 -4.11663
vn 0.395843 -0.483632 -0.780646
#_#tangent 0.747098 0.664591 0.0127647
#_#binormal 0.530213 -0.6074 0.591557
vt 0.0820596 0.704888
#_#vt1 0.498286 0.367476
v 3.62915 1.00463 -4.11663
vn 0.395843 -0.483632 -0.780646
#_#tangent 0.747098 0.664591 0.0127647
#_#binormal 0.530213 -0.6074 0.591557
vt 0.912642 0.451555
#_#vt1 0.498286 0.367476
v 4.76183 -0.069648 -1.74214
vn 0.551177 -0.831805 0.0656016
#_#tangent 0.626618 0.464563 0.625725
#_#binormal -0.550957 -0.303778 0.777281
vt 0.0335265 0.169114
#_#vt1 0.476533 0.383912
v -7.15764 2.91313 -0.009215
vn -0.432885 -0.696028 0.572849
#_#tangent -0.896923 0.396162 -0.196431
#_#binormal -0.0902193 -0.598833 -0.795776
vt 0.370592 0.408994
#_#vt1 0.150253 0.10511
v -7.15764 2.91313 -0.009215
vn -0.432885 -0.696028 0.572849
#_#tangent -0.896923 0.396162 -0.196431
#_#binormal -0.0902193 -0.598833 -0.795776
vt 0.452017 0.528551
#_#vt1 0.150253 0.10511
v -6.09158 12.6429 -9.54518
vn 0.851015 0.0190738 -0.524795
#_#tangent 0.0380225 0.994479 0.0978025
#_#binormal 0.523764 -0.103185 0.845591
vt 0.177548 0.822494
#_#vt1 0.706568 0.762002
v -6.09158 12.6429 -9.54518
vn 0.851015 0.0190738 -0.524795
#_#tangent 0.0380225 0.994479 0.0978025
#_#binormal 0.523764 -0.103185 0.845591
vt 0.356005 0.849886
#_#vt1 0.706568 0.762002
v -6.09158 12.6429 -9.54518
vn 0.851015 0.0190738 -0.524795
#_#tangent 0.0380225 0.994479 0.0978025
#_#binormal 0.523764 -0.103185 0.845591
vt 0.673336 0.923828
#_#vt1 0.706568 0.762002
v -7.71836 10.8912 -0.058025
vn -0.183167 0.895391 0.405864
#_#tangent -0.0387554 -0.416177 0.908457
#_#binormal 0.983854 0.143076 0.107517
vt 0.171148 0.761652
#_#vt1 0.676431 0.765897
v -7.48382 5.44903 -4.7901
vn -0.498601 0.220741 -0.838254
#_#tangent 0.852018 0.302815 -0.427046
#_#binormal 0.159569 -0.927134 -0.339059
vt 0.593519 0.470603
#_#vt1 0.797966 0.843947
v -4.61097 8.58684 -3.29827
vn 0.398081 0.811516 -0.427753
#_#tangent -0.913881 0.391337 -0.108059
#_#binormal 0.0797044 0.433931 0.897413
vt 0.456305 0.0829793
#_#vt1 0.734681 0.71304
v -4.61097 8.58684 -3.29827
vn 0.398081 0.811516 -0.427753
#_#tangent -0.913881 0.391337 -0.108059
#_#binormal 0.0797044 0.433931 0.897413
vt 0.768403 0.23506
#_#vt1 0.734681 0.71304
v 1.90867 -0.054128 -5.62625
vn 0.395843 -0.483632 -0.780646
#_#tangent 0.103649 0.86818 -0.485304
#_#binormal 0.91245 0.111191 0.393791
vt 0.0588284 0.576691
#_#vt1 0.495306 0.338517
v -6.65769 -0.708329 0.193635
vn -0.791429 -0.537798 0.290542
#_#tangent 0.331598 -0.777032 -0.535036
#_#binormal 0.513501 -0.3271 0.793298
vt 0.82467 0.827196
#_#vt1 0.317231 0.299218
v -6.65769 -0.708329 0.193635
vn -0.791429 -0.537798 0.290542
#_#tangent 0.331598 -0.777032 -0.535036
#_#binormal 0.513501 -0.3271 0.793298
vt 0.859111 0.793603
#_#vt1 0.317231 0.299218
v -6.65769 -0.708329 0.193635
vn -0.791429 -0.537798 0.290542
#_#tangent 0.331598 -0.777032 -0.535036
#_#binormal 0.513501 -0.3271 0.793298
vt 0.917944 0.743519
#_#vt1 0.317231 0.299218
v 0.624218 -0.389358 -0.107475
vn -0.282562 -0.930147 -0.234491
#_#tangent 0.931974 -0.251164 -0.261422
#_#binormal 0.174388 -0.3216 0.930679
vt 0.757346 0.608593
#_#vt1 0.419384 0.370446
v 0.624218 -0.389358 -0.107475
vn -0.282562 -0.930147 -0.234491
#_#tangent 0.931974 -0.251164 -0.261422
#_#binormal 0.174388 -0.3216 0.930679
vt 0.83455 0.55082
#_#vt1 0.419384 0.370446
v -5.66266 11.3793 -2.55842
vn -0.600371 0.631591 0.490558
#_#tangent 0.1815 0.705015 -0.685573
#_#binormal -0.778853 -0.322562 -0.537905
vt 0.260562 0.645581
#_#vt1 0.693792 0.749642
v -2.76072 0.545692 -5.92029
vn -0.495343 0.550092 -0.672335
#_#tangent 0.388063 0.832562 0.395281
#_#binormal 0.777201 -0.0651085 -0.625875
vt 0.0806817 0.455098
#_#vt1 0.49068 0.266486
v 5.56932 2.55273 -3.15901
vn 0.466343 0.463269 -0.753595
#_#tangent -0.260709 0.886041 0.383356
#_#binormal 0.845313 0.0176939 0.533978
vt 0.0583911 0.120875
#_#vt1 0.501464 0.387987
v -0.049689 0.866862 1.95695
vn -0.115685 -0.509004 0.852955
#_#tangent -0.839119 0.50958 0.190285
#_#binormal -0.531504 -0.693717 -0.486066
vt 0.167533 0.307957
#_#vt1 0.406683 0.427405
v 5.62825 0.745221 -1.43954
vn 0.771463 -0.464217 0.435141
#_#tangent 0.186208 0.818667 0.543242
#_#binormal -0.608417 -0.338064 0.718012
vt 0.05893 0.166332
#_#vt1 0.483484 0.389273
v -0.531173 5.66734 -5.85505
vn -0.0544642 0.633748 -0.771619
#_#tangent -0.86939 0.367605 0.330195
#_#binormal 0.493872 0.667913 0.556761
vt 0.239695 0.532133
#_#vt1 0.666023 0.305227
v -0.531173 5.66734 -5.85505
vn -0.0544642 0.633748 -0.771619
#_#tangent -0.86939 0.367605 0.330195
#_#binormal 0.493872 0.667913 0.556761
vt 0.709191 0.0800611
#_#vt1 0.974718 0.603585
v -0.531173 5.66734 -5.85505
vn -0.0544642 0.633748 -0.771619
#_#tangent -0.86939 0.367605 0.330195
#_#binormal 0.493872 0.667913 0.556761
vt 0.709191 0.0800611
#_#vt1 0.666023 0.305227
v -0.96483 12.818 -6.16566
vn 0.276157 -0.66574 -0.693201
#_#tangent 0.921897 0.387406 -0.00479399
#_#binormal 0.271742 -0.637736 0.720729
vt 0.452229 0.629599
#_#vt1 0.697347 0.745767
v -0.96483 12.818 -6.16566
vn 0.276157 -0.66574 -0.693201
#_#tangent 0.921897 0.387406 -0.00479399
#_#binormal 0.271742 -0.637736 0.720729
vt 0.662411 0.765215
#_#vt1 0.697347 0.745767
v -6.57333 7.80794 1.60914
vn 0.595924 0.141061 0.790554
#_#tangent 0.0975477 -0.989877 0.103095
#_#binormal 0.797094 0.01568 -0.603652
vt 0.264129 0.776851
#_#vt1 0.646995 0.769688
v -8.77934 4.26819 -3.01002
vn -0.938999 -0.272864 -0.209349
#_#tangent 0.173937 0.148348 -0.973519
#_#binormal 0.296694 -0.950546 -0.0918375
vt 0.517897 0.488315
#_#vt1 0.737891 0.901658
v -4.34936 6.37124 0.552305
vn 0.0270687 0.441318 0.896943
#_#tangent -0.805718 0.540725 -0.241734
#_#binormal -0.59168 -0.71614 0.370214
vt 0.37162 0.263746
#_#vt1 0.556546 0.707416
v -4.34936 6.37124 0.552305
vn 0.0270687 0.441318 0.896943
#_#tangent -0.805718 0.540725 -0.241734
#_#binormal -0.59168 -0.71614 0.370214
vt 0.37162 0.263746
#_#vt1 0.477158 0.655057
v -4.44884 3.00083 0.782335
vn -0.199199 -0.291555 0.935583
#_#tangent -0.801872 0.597298 0.0154056
#_#binormal -0.563313 -0.747149 -0.352771
vt 0.314603 0.374615
#_#vt1 0.375999 0.818072
v -4.44884 3.00083 0.782335
vn -0.199199 -0.291555 0.935583
#_#tangent -0.801872 0.597298 0.0154056
#_#binormal -0.563313 -0.747149 -0.352771
vt 0.314603 0.374615
#_#vt1 0.12981 0.255433
v 3.07617 4.15156 0.823275
vn 0.612301 0.0353259 0.789835
#_#tangent -0.415687 0.864162 0.283601
#_#binormal -0.672527 -0.501973 0.543811
vt 0.141717 0.203139
#_#vt1 0.490335 0.442353
v -2.82453 1.01873 0.21525
vn -0.130162 0.459758 0.878454
#_#tangent -0.789283 0.488176 -0.372447
#_#binormal -0.600075 -0.741827 0.299337
vt 0.220904 0.370819
#_#vt1 0.22145 0.816313
v -2.82453 1.01873 0.21525
vn -0.130162 0.459758 0.878454
#_#tangent -0.789283 0.488176 -0.372447
#_#binormal -0.600075 -0.741827 0.299337
vt 0.220904 0.370819
#_#vt1 0.298002 0.42506
v 2.6043 -0.412518 -0.402435
vn 0.367251 -0.767083 0.526034
#_#tangent 0.855988 0.499993 0.131501
#_#binormal -0.363885 0.401985 0.840236
vt 0.0252999 0.22582
#_#vt1 0.449729 0.385415
v 2.6043 -0.412518 -0.402435
vn 0.367251 -0.767083 0.526034
#_#tangent 0.855988 0.499993 0.131501
#_#binormal -0.363885 0.401985 0.840236
vt 0.841483 0.646899
#_#vt1 0.449729 0.385415
v -8.10695 6.81064 -3.52279
vn -0.798482 0.0450647 -0.60033
#_#tangent 0.562741 0.410163 -0.717697
#_#binormal 0.21389 -0.910898 -0.352867
vt 0.56121 0.42874
#_#vt1 0.739169 0.818511
v -8.10695 6.81064 -3.52279
vn -0.798482 0.0450647 -0.60033
#_#tangent 0.562741 0.410163 -0.717697
#_#binormal 0.21389 -0.910898 -0.352867
vt 0.860741 0.229613
#_#vt1 0.739169 0.818511
v -4.04973 0.585092 0.501455
vn 0.0585601 0.207983 0.976378
#_#tangent -0.719607 0.686683 -0.103114
#_#binormal -0.691908 -0.696569 0.189878
vt 0.251319 0.39225
#_#vt1 0.250334 0.888555
v -4.04973 0.585092 0.501455
vn 0.0585601 0.207983 0.976378
#_#tangent -0.719607 0.686683 -0.103114
#_#binormal -0.691908 -0.696569 0.189878
vt 0.251319 0.39225
#_#vt1 0.262308 0.33036
v -4.04973 0.585092 0.501455
vn 0.0585601 0.207983 0.976378
#_#tangent -0.719607 0.686683 -0.103114
#_#binormal -0.691908 -0.696569 0.189878
vt 0.29987 0.817932
#_#vt1 0.262308 0.33036
v -2.82035 8.18454 -1.77372
vn -0.011977 0.976458 0.215375
#_#tangent -0.975587 0.035824 -0.216669
#_#binormal -0.219284 -0.212712 0.952191
vt 0.368673 0.124706
#_#vt1 0.710466 0.619467
v -2.82035 8.18454 -1.77372
vn -0.011977 0.976458 0.215375
#_#tangent -0.975587 0.035824 -0.216669
#_#binormal -0.219284 -0.212712 0.952191
vt 0.368673 0.124706
#_#vt1 0.596974 0.635052
v -5.53377 0.238801 -4.09775
vn -0.601012 0.226753 -0.766399
#_#tangent 0.200321 0.971039 0.130208
#_#binormal 0.773729 -0.0752689 -0.62903
vt 0.061965 0.366545
#_#vt1 0.401843 0.22986
v -5.53377 0.238801 -4.09775
vn -0.601012 0.226753 -0.766399
#_#tangent 0.200321 0.971039 0.130208
#_#binormal 0.773729 -0.0752689 -0.62903
vt 0.553795 0.617919
#_#vt1 0.401843 0.22986
v -5.53377 0.238801 -4.09775
vn -0.601012 0.226753 -0.766399
#_#tangent 0.200321 0.971039 0.130208
#_#binormal 0.773729 -0.0752689 -0.62903
vt 0.798413 0.901786
#_#vt1 0.401843 0.22986
v -5.53377 0.238801 -4.09775
vn -0.601012 0.226753 -0.766399
#_#tangent 0.200321 0.971039 0.130208
#_#binormal 0.773729 -0.0752689 -0.62903
vt 0.922115 0.00390889
#_#vt1 0.401843 0.22986
v -4.3284 12.6466 -4.25262
vn -0.687145 0.533121 -0.493572
#_#tangent 0.698749 0.298919 -0.649921
#_#binormal -0.198948 -0.791473 -0.577919
vt 0.329198 0.685099
#_#vt1 0.697987 0.747869
v -4.3284 12.6466 -4.25262
vn -0.687145 0.533121 -0.493572
#_#tangent 0.698749 0.298919 -0.649921
#_#binormal -0.198948 -0.791473 -0.577919
vt 0.555495 0.725908
#_#vt1 0.697987 0.747869
v -7.81679 10.5284 -3.74646
vn -0.919032 0.129706 -0.372231
#_#tangent -0.341342 0.210409 0.916086
#_#binormal 0.197142 0.968971 -0.149099
vt 0.818214 0.328539
#_#vt1 0.705498 0.770382
v -5.36823 2.44807 -4.75293
vn -0.392977 -0.505389 -0.768213
#_#tangent 0.566137 0.525345 -0.635218
#_#binormal 0.724609 -0.68454 0.0796702
vt 0.58189 0.566866
#_#vt1 0.452502 0.100824
v -5.36823 2.44807 -4.75293
vn -0.392977 -0.505389 -0.768213
#_#tangent 0.566137 0.525345 -0.635218
#_#binormal 0.724609 -0.68454 0.0796702
vt 0.8841 0.0592259
#_#vt1 0.452502 0.100824
v 2.36022 7.23734 -4.53228
vn 0.484561 0.579588 -0.655194
#_#tangent -0.837351 0.524015 -0.155732
#_#binormal 0.253071 0.624089 0.739235
vt 0.199221 0.0335287
#_#vt1 0.606282 0.409113
v 2.36022 7.23734 -4.53228
vn 0.484561 0.579588 -0.655194
#_#tangent -0.837351 0.524015 -0.155732
#_#binormal 0.253071 0.624089 0.739235
vt 0.608056 0.100684
#_#vt1 0.606282 0.409113
v 0.051649 5.82964 0.982085
vn -0.0250101 0.706377 0.707394
#_#tangent -0.87308 0.348805 -0.340685
#_#binormal -0.487464 -0.639476 0.594515
vt 0.243079 0.184574
#_#vt1 0.494985 0.51082
v 1.04651 0.111391 1.01707
vn 0.279996 -0.207178 0.937379
#_#tangent -0.0922681 0.974866 0.20279
#_#binormal -0.955204 -0.144171 0.258456
vt 0.103937 0.295359
#_#vt1 0.421802 0.401081
v 1.04651 0.111391 1.01707
vn 0.279996 -0.207178 0.937379
#_#tangent -0.0922681 0.974866 0.20279
#_#binormal -0.955204 -0.144171 0.258456
vt 0.781212 0.68877
#_#vt1 0.421802 0.401081
v -9.01888 9.57484 -1.93929
vn -0.94345 0.12586 -0.306696
#_#tangent -0.31033 -0.00987646 0.950577
#_#binormal 0.116611 0.991999 0.0483761
vt 0.102022 0.914605
#_#vt1 0.694213 0.780569
v -9.01888 9.57484 -1.93929
vn -0.94345 0.12586 -0.306696
#_#tangent -0.31033 -0.00987646 0.950577
#_#binormal 0.116611 0.991999 0.0483761
vt 0.868622 0.296465
#_#vt1 0.694213 0.780569
v -3.80666 -0.484699 -4.18899
vn 0.47795 -0.878383 0.00268302
#_#tangent 0.858174 0.466298 -0.214716
#_#binormal 0.187352 0.104926 0.976673
vt 0.761957 0.487863
#_#vt1 0.426526 0.309332
v 4.42088 4.97793 -1.34216
vn 0.971451 0.200936 0.126129
#_#tangent -0.220515 0.960866 0.167659
#_#binormal -0.0875038 -0.190686 0.977743
vt 0.135786 0.116656
#_#vt1 0.525392 0.422687
v -7.77137 13.4482 -8.46366
vn -0.900865 0.327405 -0.28504
#_#tangent 0.405282 0.869596 -0.282046
#_#binormal 0.155527 -0.369607 -0.91608
vt 0.176521 0.890442
#_#vt1 0.706426 0.762458
v -7.77137 13.4482 -8.46366
vn -0.900865 0.327405 -0.28504
#_#tangent 0.405282 0.869596 -0.282046
#_#binormal 0.155527 -0.369607 -0.91608
vt 0.654528 0.863895
#_#vt1 0.706426 0.762458
v -6.24218 7.04614 0.311135
vn 0.279996 -0.207178 0.937379
#_#tangent -0.289282 0.913181 0.287082
#_#binormal -0.901287 -0.360869 0.239699
vt 0.317564 0.800553
#_#vt1 0.616913 0.76972
v -6.24218 7.04614 0.311135
vn 0.279996 -0.207178 0.937379
#_#tangent -0.289282 0.913181 0.287082
#_#binormal -0.901287 -0.360869 0.239699
vt 0.43835 0.293251
#_#vt1 0.616913 0.76972
v -4.99113 10.441 -2.26997
vn 0.876613 0.0870877 0.47325
#_#tangent 0.0803478 0.943189 -0.322396
#_#binormal -0.474441 0.320641 0.819814
vt 0.263111 0.554793
#_#vt1 0.689277 0.740218
v -4.99113 10.441 -2.26997
vn 0.876613 0.0870877 0.47325
#_#tangent 0.0803478 0.943189 -0.322396
#_#binormal -0.474441 0.320641 0.819814
vt 0.493801 0.820668
#_#vt1 0.689277 0.740218
v -4.99113 10.441 -2.26997
vn 0.876613 0.0870877 0.47325
#_#tangent 0.0803478 0.943189 -0.322396
#_#binormal -0.474441 0.320641 0.819814
vt 0.534387 0.112944
#_#vt1 0.689277 0.740218
v -1.64537 4.91181 2.06813
vn -0.319388 0.468505 0.823707
#_#tangent -0.461237 0.682464 -0.567012
#_#binormal -0.827799 -0.561022 -0.00187909
vt 0.249939 0.255853
#_#vt1 0.441017 0.524576
v -2.01655 -0.856298 1.00838
vn -0.00588722 -0.967981 -0.250954
#_#tangent 0.977202 -0.0588304 0.203996
#_#binormal -0.212228 -0.244032 0.94626
vt 0.707981 0.643457
#_#vt1 0.370299 0.366125
v -3.84918 4.69407 0.888235
vn 0.0523181 -0.0023466 0.998628
#_#tangent -0.827365 0.561664 0.000486956
#_#binormal -0.561656 -0.827348 -0.00615217
vt 0.311966 0.30673
#_#vt1 0.431387 0.728638
v -3.84918 4.69407 0.888235
vn 0.0523181 -0.0023466 0.998628
#_#tangent -0.827365 0.561664 0.000486956
#_#binormal -0.561656 -0.827348 -0.00615217
vt 0.311966 0.30673
#_#vt1 0.412597 0.618331
v 4.64078 3.2294 -1.80116
vn 0.765401 0.569775 0.299195
#_#tangent -0.641018 0.716211 0.27593
#_#binormal -0.0570689 -0.402986 0.913425
vt 0.106552 0.141696
#_#vt1 0.507037 0.403712
v -5.48894 9.33814 -0.343965
vn 0.761127 0.241344 0.602028
#_#tangent -0.426757 0.882752 0.196541
#_#binormal -0.481821 -0.405843 0.776621
vt 0.229019 0.837931
#_#vt1 0.657115 0.743258
v -5.48894 9.33814 -0.343965
vn 0.761127 0.241344 0.602028
#_#tangent -0.426757 0.882752 0.196541
#_#binormal -0.481821 -0.405843 0.776621
vt 0.51592 0.212065
#_#vt1 0.657115 0.743258
v -3.63492 -0.952119 -6.51506
vn -0.0483506 -0.553796 -0.831247
#_#tangent 0.797929 0.479176 -0.36565
#_#binormal 0.600809 -0.680956 0.418722
vt 0.0157676 0.450982
#_#vt1 0.458106 0.285966
v -3.63492 -0.952119 -6.51506
vn -0.0483506 -0.553796 -0.831247
#_#tangent 0.797929 0.479176 -0.36565
#_#binormal 0.600809 -0.680956 0.418722
vt 0.753196 0.437009
#_#vt1 0.458106 0.285966
v -5.28408 5.36989 -5.67146
vn -0.151264 0.0970261 -0.98372
#_#tangent -0.879051 -0.468351 0.0889751
#_#binormal -0.452094 0.878199 0.156136
vt 0.639618 0.49815
#_#vt1 0.873216 0.796864
v -5.28408 5.36989 -5.67146
vn -0.151264 0.0970261 -0.98372
#_#tangent -0.879051 -0.468351 0.0889751
#_#binormal -0.452094 0.878199 0.156136
vt 0.836157 0.134288
#_#vt1 0.873216 0.796864
v 1.22871 8.15874 -0.318445
vn 0.243178 0.70774 0.663301
#_#tangent -0.943658 0.330846 -0.00704897
#_#binormal -0.224439 -0.624215 0.748319
vt 0.246736 0.142864
#_#vt1 0.568713 0.495063
v -4.78629 -0.982268 -2.84484
vn -0.0508908 -0.997752 0.0436048
#_#tangent 0.287092 -0.000375348 0.957903
#_#binormal -0.956116 0.0609489 0.28658
vt 0.758504 0.772436
#_#vt1 0.388611 0.298825
v -9.05758 7.05884 0.424735
vn -0.654074 -0.716041 0.243869
#_#tangent 0.407561 -0.605192 -0.68384
#_#binormal 0.637245 -0.34789 0.687671
vt 0.202382 0.927409
#_#vt1 0.66288 0.793115
